当前第1轮，求充电站0的最优价格下，跳跃点与optimal_p与Qj分别是：
[10, 48, 77, 81]
[42.0, 48.0]
[116, 191, 0]
当前第1轮，求充电站1的最优价格下，跳跃点与optimal_p与Qj分别是：
[10, 55, 116]
[13.002]
[277, 86]
当前第1轮，求充电站2的最优价格下，跳跃点与optimal_p与Qj分别是：
[10, 45]
[]
[0]
当前第1轮，求充电站3的最优价格下，跳跃点与optimal_p与Qj分别是：
[10, 32, 147]
[32.0]
[92, 92]
当前第1轮，求充电站4的最优价格下，跳跃点与optimal_p与Qj分别是：
[10, 26]
[]
[0]
当前第1轮，求充电站5的最优价格下，跳跃点与optimal_p与Qj分别是：
[10, 42, 54, 133, 241, 309]
[42.0, 54.0, 67.002, 133.0]
[180, 180, 695, 146, 146]
当前第1轮，求充电站6的最优价格下，跳跃点与optimal_p与Qj分别是：
[10, 667, 694]
[338.5]
[0, 0]
当前第1轮，求充电站7的最优价格下，跳跃点与optimal_p与Qj分别是：
[10, 672]
[]
[0]
当前第2轮，求充电站0的最优价格下，跳跃点与optimal_p与Qj分别是：
[42, 682]
[]
[0]
当前第2轮，求充电站1的最优价格下，跳跃点与optimal_p与Qj分别是：
[13, 672]
[]
[0]
当前第2轮，求充电站2的最优价格下，跳跃点与optimal_p与Qj分别是：
[10, 699]
[]
[0]
当前第2轮，求充电站3的最优价格下，跳跃点与optimal_p与Qj分别是：
[32, 703]
[]
[0]
当前第2轮，求充电站4的最优价格下，跳跃点与optimal_p与Qj分别是：
[10, 680]
[]
[0]
当前第2轮，求充电站5的最优价格下，跳跃点与optimal_p与Qj分别是：
[54]
[]
[695]
当前第2轮，求充电站6的最优价格下，跳跃点与optimal_p与Qj分别是：
[338, 667]
[]
[0]
当前第2轮，求充电站7的最优价格下，跳跃点与optimal_p与Qj分别是：
[10, 672]
[]
[0]
当前第1轮，求充电站0的最优价格下，跳跃点与optimal_p与Qj分别是：
[10, 48, 77, 81, 125, 218, 225, 300, 306, 337, 348, 375]
[48.0, 77.0, 77.0, 81.0, 125.0, 218.0, 225.0, 300.0, 306.0, 337.0]
[115, 0, 0, 191, 191, 0, 0, 0, 0, 0, 0]
当前第1轮，求充电站1的最优价格下，跳跃点与optimal_p与Qj分别是：
[10, 53, 56, 58, 75, 85, 118, 133, 137, 143, 166, 214, 389, 408, 424, 434, 449, 491, 540, 552]
[22.501, 53.0, 56.0, 58.0, 75.0, 85.0, 118.0, 133.0, 137.0, 143.0, 214.0, 234.0, 389.0, 408.0, 424.0, 434.0, 449.0, 491.0]
[266, 86, 86, 86, 86, 86, 86, 0, 0, 0, 0, 86, 86, 86, 86, 86, 86, 86, 0]
当前第1轮，求充电站2的最优价格下，跳跃点与optimal_p与Qj分别是：
[10, 17, 34, 43, 51, 79, 106, 112, 171, 174, 212, 214, 221, 258, 281, 348, 370]
[17.0, 34.0, 42.0, 43.0, 79.0, 106.0, 110.5, 112.0, 171.0, 174.0, 212.0, 214.0, 221.0, 258.0, 281.0]
[326, 326, 180, 180, 180, 180, 180, 180, 180, 191, 191, 0, 191, 191, 0, 0]
当前第1轮，求充电站3的最优价格下，跳跃点与optimal_p与Qj分别是：
[10, 17, 26, 39, 54, 76, 113, 148, 173, 203, 346, 446, 505, 509, 567, 569]
[17.0, 26.0, 39.0, 54.0, 54.0, 76.0, 113.0, 148.0, 173.0, 203.0, 346.0, 446.0, 505.0, 509.0]
[418, 326, 326, 326, 326, 238, 238, 238, 238, 92, 92, 0, 0, 0, 0]
当前第1轮，求充电站0的最优价格下，跳跃点与optimal_p与Qj分别是：
[10, 48, 77, 81, 125, 218, 225, 300, 306, 337, 348, 375]
[48.0, 77.0, 77.0, 81.0, 125.0, 218.0, 225.0, 300.0, 306.0, 337.0]
[116, 0, 0, 191, 191, 0, 0, 0, 0, 0, 0]
当前第1轮，求充电站1的最优价格下，跳跃点与optimal_p与Qj分别是：
[10, 53, 56, 58, 75, 85, 118, 133, 137, 143, 166, 214, 389, 408, 424, 434, 449, 491, 540, 552]
[22.501, 53.0, 56.0, 58.0, 75.0, 85.0, 118.0, 133.0, 137.0, 143.0, 214.0, 234.0, 389.0, 408.0, 424.0, 434.0, 449.0, 491.0]
[266, 86, 86, 86, 86, 86, 86, 0, 0, 0, 0, 86, 86, 86, 86, 86, 86, 86, 0]
当前第1轮，求充电站2的最优价格下，跳跃点与optimal_p与Qj分别是：
[10, 17, 34, 43, 51, 79, 106, 112, 171, 174, 212, 214, 221, 258, 281, 348, 370]
[17.0, 34.0, 42.0, 43.0, 79.0, 106.0, 110.5, 112.0, 171.0, 174.0, 212.0, 214.0, 221.0, 258.0, 281.0]
[326, 326, 180, 180, 180, 180, 180, 180, 180, 191, 191, 0, 191, 191, 0, 0]
当前第1轮，求充电站3的最优价格下，跳跃点与optimal_p与Qj分别是：
[10, 17, 26, 39, 54, 76, 113, 148, 173, 203, 346, 446, 505, 509, 567, 569]
[17.0, 26.0, 39.0, 54.0, 54.0, 76.0, 113.0, 148.0, 173.0, 203.0, 346.0, 446.0, 505.0, 509.0]
[418, 326, 326, 326, 326, 238, 238, 238, 238, 92, 92, 0, 0, 0, 0]
当前第1轮，求充电站4的最优价格下，跳跃点与optimal_p与Qj分别是：
[10, 23, 32, 40, 65, 73, 98, 164, 184, 207, 209, 214, 219, 238, 252, 258, 259, 267, 280, 331, 394, 400, 459, 503, 586, 606, 622, 627]
[23.0, 32.0, 40.0, 65.0, 73.0, 73.0, 98.0, 164.0, 184.0, 207.0, 209.0, 214.0, 219.0, 238.0, 252.0, 258.0, 259.0, 267.0, 280.0, 331.0, 394.0, 400.0, 459.0, 503.0, 586.0, 606.0]
[277, 86, 86, 180, 180, 0, 0, 0, 0, 0, 0, 0, 0, 0, 0, 0, 0, 0, 0, 0, 180, 0, 0, 0, 0, 0, 0]
当前第1轮，求充电站5的最优价格下，跳跃点与optimal_p与Qj分别是：
[10, 22, 36, 46, 64, 83, 138, 146, 185, 195, 211, 256, 266, 350, 364, 452, 506, 568, 591, 603]
[22.0, 36.0, 46.0, 64.0, 83.0, 138.0, 146.0, 185.0, 195.0, 211.0, 256.0, 256.0, 323.167, 350.0, 364.0, 452.0, 506.0, 568.0]
[457, 412, 266, 266, 266, 412, 457, 277, 232, 86, 266, 266, 266, 0, 86, 86, 0, 0, 0]
当前第1轮，求充电站0的最优价格下，跳跃点与optimal_p与Qj分别是：
[10, 48, 77, 81, 125, 218, 225, 300, 306, 337, 348, 375]
[48.0, 77.0, 77.0, 81.0, 125.0, 218.0, 225.0, 300.0, 306.0, 337.0]
[115, 0, 0, 191, 191, 0, 0, 0, 0, 0, 0]
当前第1轮，求充电站1的最优价格下，跳跃点与optimal_p与Qj分别是：
[10, 53, 56, 58, 75, 85, 118, 133, 137, 143, 166, 214, 389, 408, 424, 434, 449, 491, 540, 552]
[22.501, 53.0, 56.0, 58.0, 75.0, 85.0, 118.0, 133.0, 137.0, 143.0, 214.0, 234.0, 389.0, 408.0, 424.0, 434.0, 449.0, 491.0]
[266, 86, 86, 86, 86, 86, 86, 0, 0, 0, 0, 86, 86, 86, 86, 86, 86, 86, 0]
当前第1轮，求充电站2的最优价格下，跳跃点与optimal_p与Qj分别是：
[10, 17, 34, 43, 51, 79, 106, 112, 171, 174, 212, 214, 221, 258, 281, 348, 370]
[17.0, 34.0, 42.0, 43.0, 79.0, 106.0, 110.5, 112.0, 171.0, 174.0, 212.0, 214.0, 221.0, 258.0, 281.0]
[326, 326, 180, 180, 180, 180, 180, 180, 180, 191, 191, 0, 191, 191, 0, 0]
当前第1轮，求充电站3的最优价格下，跳跃点与optimal_p与Qj分别是：
[10, 17, 26, 39, 54, 76, 113, 148, 173, 203, 346, 446, 505, 509, 567, 569]
[17.0, 26.0, 39.0, 54.0, 54.0, 76.0, 113.0, 148.0, 173.0, 203.0, 346.0, 446.0, 505.0, 509.0]
[418, 326, 326, 326, 326, 238, 238, 238, 238, 92, 92, 0, 0, 0, 0]
当前第1轮，求充电站4的最优价格下，跳跃点与optimal_p与Qj分别是：
[10, 23, 32, 40, 65, 73, 98, 164, 184, 207, 209, 214, 219, 238, 252, 258, 259, 267, 280, 331, 394, 400, 459, 503, 586, 606, 622, 627]
[23.0, 32.0, 40.0, 65.0, 73.0, 73.0, 98.0, 164.0, 184.0, 207.0, 209.0, 214.0, 219.0, 238.0, 252.0, 258.0, 259.0, 267.0, 280.0, 331.0, 394.0, 400.0, 459.0, 503.0, 586.0, 606.0]
[277, 86, 86, 180, 180, 0, 0, 0, 0, 0, 0, 0, 0, 0, 0, 0, 0, 0, 0, 0, 180, 0, 0, 0, 0, 0, 0]
当前第1轮，求充电站0的最优价格下，跳跃点与optimal_p与Qj分别是：
[10, 48, 77, 81, 125, 218, 225, 300, 306, 337, 348, 375]
[48.0, 77.0, 77.0, 81.0, 125.0, 218.0, 225.0, 300.0, 306.0, 337.0]
[116, 93, 90, 110, 112, 89, 56, 56, 56, 56, 63]
当前第1轮，求充电站1的最优价格下，跳跃点与optimal_p与Qj分别是：
[10, 96, 151, 155, 158, 197, 208, 282, 307, 327, 433, 463, 495, 516, 571, 618, 659, 714]
[10.0, 96.0, 151.0, 158.0, 158.0, 197.0, 208.0, 282.0, 307.0, 327.0, 433.0, 463.0, 495.0, 516.0, 571.0, 618.0]
[308, 166, 110, 77, 207, 220, 212, 223, 190, 165, 145, 43, 35, 3, 41, 15, 1]
当前第1轮，求充电站2的最优价格下，跳跃点与optimal_p与Qj分别是：
[10, 30, 51, 130, 143, 173, 174, 181, 197, 215, 219, 242, 243, 245, 278, 341, 413, 425, 503, 527]
[30.0, 51.0, 82.457, 143.0, 171.514, 174.0, 174.0, 181.0, 197.0, 215.0, 219.0, 242.0, 243.0, 245.0, 278.0, 341.0, 413.0, 425.0]
[375, 153, 146, 124, 69, 46, 42, 45, 44, 38, 38, 34, 71, 71, 30, 21, 15, 20, 32]
当前第1轮，求充电站3的最优价格下，跳跃点与optimal_p与Qj分别是：
[10, 17, 23, 27, 33, 44, 78, 90, 124, 189, 213, 216, 250, 304, 345, 363, 379, 430, 453, 476, 480, 495, 497, 511, 520, 532, 607, 731, 861]
[10.0, 23.0, 27.0, 33.0, 33.0, 44.0, 78.0, 90.0, 124.0, 189.0, 213.0, 216.0, 250.0, 304.0, 345.0, 363.0, 379.0, 430.0, 453.0, 476.0, 480.0, 495.0, 497.0, 511.0, 520.0, 532.0, 607.0]
[310, 240, 235, 231, 302, 351, 342, 311, 405, 360, 242, 326, 349, 307, 184, 260, 246, 214, 144, 108, 93, 110, 83, 60, 49, 42, 44, 14]
当前第1轮，求充电站4的最优价格下，跳跃点与optimal_p与Qj分别是：
[10, 15, 64, 140, 230, 273, 296, 320, 345, 371, 382, 438, 445, 481]
[15.0, 64.0, 113.0, 140.0, 230.0, 273.0, 296.0, 320.0, 345.0, 371.0, 382.0, 438.0]
[510, 380, 332, 290, 268, 155, 141, 126, 89, 89, 105, 87, 44]
当前第1轮，求充电站5的最优价格下，跳跃点与optimal_p与Qj分别是：
[10, 20, 25, 72, 126, 127, 140, 178, 236, 245, 278, 297, 391, 394, 401, 485, 548, 655, 674, 719]
[20.0, 25.0, 72.0, 72.0, 126.0, 127.0, 140.0, 178.0, 245.0, 252.0, 278.0, 297.0, 391.0, 394.0, 401.0, 485.0, 548.0, 655.0]
[482, 391, 386, 350, 317, 317, 317, 302, 255, 255, 232, 175, 178, 101, 94, 102, 101, 67, 17]
当前第1轮，求充电站6的最优价格下，跳跃点与optimal_p与Qj分别是：
[10, 55, 64, 76, 135, 212, 272, 274, 297, 300, 308, 316, 337, 382, 399, 418, 460, 506, 610, 611]
[55.0, 64.0, 76.0, 135.0, 212.0, 272.0, 274.0, 297.0, 300.0, 308.0, 316.0, 337.0, 337.0, 382.0, 399.0, 418.0, 460.0, 506.0]
[403, 271, 419, 407, 332, 308, 266, 264, 276, 272, 257, 231, 89, 88, 76, 42, 42, 42, 48]
当前第1轮，求充电站7的最优价格下，跳跃点与optimal_p与Qj分别是：
[10, 23, 51, 114, 142, 174, 186, 224, 306, 315, 393, 399, 420, 462, 507, 518, 532, 605, 714, 726, 849, 856, 879, 911]
[23.0, 51.0, 114.0, 142.0, 174.0, 186.0, 224.0, 306.0, 315.0, 371.0, 399.0, 420.0, 462.0, 462.0, 507.0, 518.0, 532.0, 605.0, 714.0, 726.0, 849.0, 856.0]
[521, 452, 424, 425, 379, 369, 354, 316, 254, 245, 189, 161, 140, 98, 122, 103, 93, 93, 53, 29, 26, 34, 27]
当前第2轮，求充电站0的最优价格下，跳跃点与optimal_p与Qj分别是：
[337, 344, 348, 376, 431, 486, 532, 633, 668]
[344.0, 344.0, 357.0, 376.0, 431.0, 486.0, 532.0]
[233, 147, 149, 142, 129, 86, 62, 57]
当前第2轮，求充电站1的最优价格下，跳跃点与optimal_p与Qj分别是：
[282, 301, 312, 390, 464, 511, 532, 540, 553, 565, 638, 680]
[282.0, 301.0, 312.0, 390.0, 464.0, 511.0, 532.0, 540.0, 553.0, 565.0]
[168, 106, 98, 95, 57, 24, 23, 23, 23, 23, 23]
当前第2轮，求充电站2的最优价格下，跳跃点与optimal_p与Qj分别是：
[242, 316, 320, 348, 361, 408, 429, 461, 498, 502, 513, 557, 579, 633, 656, 732]
[277.455, 316.0, 320.0, 348.0, 361.0, 408.0, 429.0, 461.0, 498.0, 502.0, 513.0, 557.0, 579.0, 633.0, 656.0]
[110, 129, 118, 116, 125, 122, 108, 113, 112, 73, 73, 112, 112, 91, 76, 39]
当前第2轮，求充电站3的最优价格下，跳跃点与optimal_p与Qj分别是：
[345, 397, 419, 443, 448, 457, 465, 555, 610, 635, 656, 666, 697, 794, 850, 987]
[397.0, 419.0, 419.0, 448.0, 457.0, 457.0, 465.0, 555.0, 610.0, 635.0, 656.0, 666.0, 697.0, 794.0]
[302, 282, 246, 277, 238, 235, 145, 160, 126, 117, 122, 99, 58, 18, 0]
当前第2轮，求充电站4的最优价格下，跳跃点与optimal_p与Qj分别是：
[371, 492, 510, 605, 626, 635, 637, 642, 666]
[371.0, 492.0, 510.0, 605.0, 626.0, 635.0, 637.0]
[279, 123, 64, 74, 67, 61, 16, 1]
当前第2轮，求充电站5的最优价格下，跳跃点与optimal_p与Qj分别是：
[245, 253, 399, 436, 457, 508, 586, 630, 659, 661, 705, 790, 797, 818, 835, 851, 891, 915, 941]
[253.0, 290.202, 399.0, 436.0, 457.0, 508.0, 586.0, 630.0, 659.0, 661.0, 705.0, 790.0, 797.0, 818.0, 835.0, 851.0, 891.0, 915.0]
[262, 215, 211, 167, 174, 155, 137, 142, 142, 134, 134, 87, 40, 36, 31, 5, 9, 9, 9]
当前第2轮，求充电站6的最优价格下，跳跃点与optimal_p与Qj分别是：
[300, 301, 366, 405, 413, 521, 591, 611, 638, 772, 936, 980]
[301.0, 366.0, 405.0, 413.0, 521.0, 521.0, 591.0, 611.0, 638.0, 772.0]
[361, 340, 301, 311, 313, 205, 187, 142, 136, 132, 38]
当前第2轮，求充电站7的最优价格下，跳跃点与optimal_p与Qj分别是：
[306, 325, 377, 415, 448, 462, 466, 479, 496, 513, 552, 556, 594, 833, 868]
[325.0, 377.0, 415.0, 448.0, 462.0, 466.0, 479.0, 496.0, 513.0, 552.0, 556.0, 556.0, 594.0]
[431, 226, 186, 145, 124, 106, 105, 105, 106, 96, 66, 58, 87, 71]
当前第3轮，求充电站0的最优价格下，跳跃点与optimal_p与Qj分别是：
[344, 392, 433, 438, 464, 484, 548, 663, 669, 724, 753, 823, 906, 910, 956]
[392.0, 433.0, 438.0, 438.0, 464.0, 484.0, 548.0, 663.0, 669.0, 724.0, 753.0, 823.0, 906.0]
[248, 154, 127, 144, 167, 275, 265, 170, 252, 228, 170, 160, 139, 56]
当前第3轮，求充电站1的最优价格下，跳跃点与optimal_p与Qj分别是：
[282, 307, 342, 364, 377, 451, 464, 465, 506, 518, 528, 540, 545, 691, 717, 753, 760, 796, 834, 881, 947]
[307.0, 342.0, 364.0, 377.0, 451.0, 464.0, 465.0, 472.0, 506.0, 518.0, 528.0, 540.0, 545.0, 691.0, 717.0, 753.0, 760.0, 796.0, 834.0]
[547, 278, 320, 295, 264, 186, 192, 197, 190, 177, 223, 216, 196, 228, 135, 98, 90, 86, 58, 32]
当前第3轮，求充电站2的最优价格下，跳跃点与optimal_p与Qj分别是：
[557, 565, 578, 620, 623, 624, 647, 696, 706]
[565.0, 565.977, 578.0, 620.0, 623.0, 624.0, 647.0]
[184, 52, 58, 52, 43, 110, 110, 115]
当前第3轮，求充电站3的最优价格下，跳跃点与optimal_p与Qj分别是：
[419, 420, 466, 532, 632, 817, 837, 870, 909, 950, 962, 971]
[419.0, 420.0, 466.0, 532.0, 632.0, 817.0, 837.0, 870.0, 909.0, 950.0, 962.0]
[431, 230, 236, 205, 265, 199, 122, 98, 65, 26, 77, 65]
当前第3轮，求充电站4的最优价格下，跳跃点与optimal_p与Qj分别是：
[371, 376, 409, 440, 535, 573, 613, 648, 691, 697, 721, 735, 776, 800, 804, 809, 830, 832, 901]
[376.0, 409.0, 440.0, 440.0, 535.0, 573.0, 613.0, 648.0, 691.0, 697.0, 721.0, 735.0, 776.0, 800.0, 804.0, 809.0, 830.0, 832.0]
[363, 250, 326, 295, 243, 155, 98, 176, 130, 81, 76, 63, 117, 67, 51, 65, 65, 6, 61]
当前第3轮，求充电站5的最优价格下，跳跃点与optimal_p与Qj分别是：
[630, 646, 698, 720, 750, 751, 766, 823, 876, 880, 937]
[630.0, 698.0, 720.0, 734.917, 750.0, 751.0, 766.0, 823.0, 876.0, 880.0]
[195, 70, 40, 22, 11, 81, 140, 71, 36, 66, 64]
当前第3轮，求充电站6的最优价格下，跳跃点与optimal_p与Qj分别是：
[413, 439, 495, 537, 541, 542, 560, 583, 643, 661, 675, 681, 693, 774, 779, 960, 970, 983]
[439.0, 495.0, 513.929, 541.0, 542.0, 560.0, 560.0, 583.0, 643.0, 661.0, 675.0, 681.0, 693.0, 774.0, 779.0, 960.0, 970.0]
[405, 229, 187, 161, 145, 145, 134, 136, 113, 102, 96, 94, 94, 97, 91, 92, 48, 1]
当前第3轮，求充电站7的最优价格下，跳跃点与optimal_p与Qj分别是：
[325, 347, 388, 436, 448, 467, 507, 513, 541, 553, 557, 592, 604, 607, 616, 628, 642, 656, 661, 665, 678, 686, 688, 691, 720, 809, 836, 955, 958]
[347.0, 388.0, 436.0, 448.0, 467.0, 491.389, 513.0, 541.0, 553.0, 557.0, 592.0, 604.0, 607.0, 607.0, 619.179, 628.0, 642.0, 656.0, 661.0, 678.0, 686.0, 688.0, 691.0, 720.0, 760.35, 809.0, 836.0, 955.0]
[344, 272, 218, 179, 167, 165, 146, 130, 112, 120, 107, 79, 66, 46, 50, 39, 68, 32, 23, 62, 74, 87, 95, 93, 77, 53, 75, 75, 37]
当前第4轮，求充电站0的最优价格下，跳跃点与optimal_p与Qj分别是：
[663, 683, 705, 715, 733, 803, 815, 839, 896]
[683.0, 705.0, 705.0, 715.0, 733.0, 803.0, 815.0]
[85, 45, 35, 56, 56, 56, 56, 78]
当前第4轮，求充电站1的最优价格下，跳跃点与optimal_p与Qj分别是：
[545, 559, 640, 673, 704, 790, 868, 961, 993]
[545.0, 559.0, 640.0, 673.0, 704.0, 790.0, 868.0, 961.0]
[266, 163, 163, 222, 208, 196, 125, 86, 5]
当前第4轮，求充电站2的最优价格下，跳跃点与optimal_p与Qj分别是：
[647, 648, 685, 739, 755, 804, 862, 871, 872, 927, 990]
[648.0, 648.0, 685.0, 739.0, 755.0, 804.0, 862.0, 871.0, 872.0, 927.0]
[183, 39, 121, 9, 49, 68, 43, 62, 46, 27, 7]
当前第4轮，求充电站3的最优价格下，跳跃点与optimal_p与Qj分别是：
[532, 570, 602, 653, 671, 689, 691, 709, 729, 812, 835, 862, 897, 905, 938]
[536.417, 570.0, 602.0, 653.0, 671.0, 691.0, 691.0, 709.0, 729.0, 812.0, 835.0, 862.0, 897.0, 905.0]
[295, 132, 114, 100, 84, 77, 98, 92, 155, 190, 140, 126, 110, 89, 44]
当前第4轮，求充电站4的最优价格下，跳跃点与optimal_p与Qj分别是：
[409, 443, 454, 485, 536, 565, 598, 606, 637, 666, 725, 816, 852]
[409.0, 443.0, 485.0, 536.0, 565.0, 565.0, 598.0, 606.0, 637.0, 666.0, 725.0]
[415, 283, 329, 276, 353, 313, 222, 176, 124, 99, 67, 33]
当前第4轮，求充电站5的最优价格下，跳跃点与optimal_p与Qj分别是：
[751, 754, 765, 788, 809, 841]
[751.0, 754.0, 765.0, 788.0]
[167, 19, 20, 9, 2]
当前第4轮，求充电站6的最优价格下，跳跃点与optimal_p与Qj分别是：
[439, 493, 514, 584, 594, 655, 677, 763, 824, 884, 897, 945]
[493.0, 514.0, 584.0, 594.0, 601.0, 677.0, 694.75, 763.0, 824.0, 884.0, 897.0]
[192, 142, 249, 202, 219, 217, 202, 191, 190, 116, 56, 39]
当前第4轮，求充电站7的最优价格下，跳跃点与optimal_p与Qj分别是：
[347, 389, 391, 400, 410, 436, 456, 502, 541, 596, 608, 610, 642, 672, 697, 712, 722, 769, 771, 793, 869, 912, 939]
[389.0, 391.0, 400.0, 410.0, 436.0, 456.0, 502.0, 541.0, 596.0, 608.0, 610.0, 642.0, 672.0, 697.0, 712.0, 722.0, 756.975, 771.0, 777.667, 808.167, 869.0, 912.0]
[555, 298, 325, 297, 477, 462, 435, 399, 393, 337, 325, 269, 209, 190, 145, 131, 144, 110, 117, 110, 102, 92, 83]
当前第5轮，求充电站0的最优价格下，跳跃点与optimal_p与Qj分别是：
[815, 890, 992]
[837.2, 890.0]
[240, 45, 67]
当前第5轮，求充电站1的最优价格下，跳跃点与optimal_p与Qj分别是：
[640, 666, 691, 741, 788, 900, 901]
[640.0, 666.0, 691.0, 741.0, 788.0, 900.0]
[235, 220, 206, 200, 200, 146, 72]
当前第5轮，求充电站2的最优价格下，跳跃点与optimal_p与Qj分别是：
[648, 669, 746, 755, 775, 856, 905, 935, 942, 947, 955]
[669.0, 684.0, 746.0, 775.0, 775.0, 856.0, 905.0, 935.0, 942.0, 947.0]
[271, 162, 135, 84, 88, 70, 35, 39, 111, 108, 22]
当前第5轮，求充电站3的最优价格下，跳跃点与optimal_p与Qj分别是：
[729, 740, 745, 782, 813, 865, 919, 952, 961, 972, 985]
[729.0, 740.0, 782.0, 782.0, 813.0, 888.0, 952.0, 961.0, 961.0, 972.0]
[141, 72, 72, 79, 124, 206, 86, 6, 3, 55, 55]
当前第5轮，求充电站4的最优价格下，跳跃点与optimal_p与Qj分别是：
[536, 606, 616, 641, 703, 747, 776, 788, 914, 921, 922, 943]
[536.0, 606.0, 616.0, 641.0, 703.0, 747.0, 776.0, 788.0, 914.0, 921.0, 922.0]
[392, 192, 144, 211, 186, 145, 136, 118, 110, 43, 35, 35]
当前第5轮，求充电站5的最优价格下，跳跃点与optimal_p与Qj分别是：
[754, 774, 788, 818, 847, 856, 869, 900, 945, 974]
[754.0, 788.0, 818.0, 818.0, 847.0, 856.0, 869.0, 900.0, 945.0]
[136, 78, 111, 98, 188, 174, 82, 69, 136, 92]
当前第5轮，求充电站6的最优价格下，跳跃点与optimal_p与Qj分别是：
[763, 768, 828, 835, 887, 894, 928]
[763.0, 768.0, 828.0, 835.0, 887.0, 894.0]
[189, 46, 44, 55, 55, 55, 55]
当前第5轮，求充电站7的最优价格下，跳跃点与optimal_p与Qj分别是：
[541, 557, 567, 659, 713, 733, 736, 750, 765, 790, 839, 874, 888, 900, 938]
[557.0, 567.0, 659.0, 713.0, 733.0, 736.0, 750.0, 765.0, 790.0, 839.0, 863.0, 874.0, 888.0, 900.0]
[363, 252, 320, 301, 242, 157, 154, 147, 142, 165, 116, 92, 88, 84, 80]
当前第6轮，求充电站0的最优价格下，跳跃点与optimal_p与Qj分别是：
[890, 908, 939, 946, 986]
[904.12, 908.0, 939.0, 946.0]
[111, 45, 46, 56, 56]
当前第6轮，求充电站1的最优价格下，跳跃点与optimal_p与Qj分别是：
[741, 774, 798, 939, 948]
[741.0, 774.0, 798.0, 939.0]
[190, 160, 170, 164, 114]
当前第6轮，求充电站2的最优价格下，跳跃点与optimal_p与Qj分别是：
[669, 672, 734, 808, 876, 877, 888, 917, 941, 955, 958, 963, 985, 993]
[672.0, 672.0, 734.0, 808.0, 876.0, 877.0, 888.0, 917.0, 941.0, 955.0, 958.0, 963.0, 985.0]
[243, 136, 132, 101, 63, 16, 22, 20, 2, 63, 58, 57, 11, 3]
当前第6轮，求充电站3的最优价格下，跳跃点与optimal_p与Qj分别是：
[813, 815, 852, 859, 863, 919, 920, 926, 945, 980]
[813.0, 852.0, 852.0, 859.0, 919.0, 920.0, 920.0, 945.0, 968.0]
[66, 63, 61, 60, 62, 87, 86, 212, 122, 99]
当前第6轮，求充电站4的最优价格下，跳跃点与optimal_p与Qj分别是：
[616, 664, 665, 687, 691, 726, 781, 798, 808, 817, 842, 918, 931, 967, 971, 984]
[661.333, 664.0, 687.0, 687.0, 726.0, 781.0, 798.0, 808.0, 817.0, 817.0, 842.0, 918.0, 931.0, 967.0, 971.0]
[425, 180, 297, 270, 360, 240, 197, 184, 176, 171, 205, 190, 35, 32, 25, 74]
当前第6轮，求充电站5的最优价格下，跳跃点与optimal_p与Qj分别是：
[818, 823, 828, 905, 934, 944, 945, 973, 988]
[823.0, 823.0, 828.0, 905.0, 934.0, 944.0, 945.0, 973.0]
[301, 125, 111, 109, 137, 165, 157, 179, 169]
当前第6轮，求充电站6的最优价格下，跳跃点与optimal_p与Qj分别是：
[894, 897, 902, 915, 985, 991]
[897.0, 897.0, 902.0, 915.0, 985.0]
[178, 55, 55, 74, 153, 191]
当前第6轮，求充电站7的最优价格下，跳跃点与optimal_p与Qj分别是：
[659, 669, 687, 689, 719, 726, 728, 754, 812, 817, 837, 874, 959, 974]
[669.0, 687.0, 689.0, 719.0, 726.0, 728.0, 754.0, 812.0, 817.0, 837.0, 874.0, 954.0, 959.0]
[511, 248, 329, 315, 275, 271, 318, 227, 169, 164, 144, 172, 92, 90]
当前第7轮，求充电站0的最优价格下，跳跃点与optimal_p与Qj分别是：
[946]
[]
[143]
当前第7轮，求充电站1的最优价格下，跳跃点与optimal_p与Qj分别是：
[774, 857, 859, 876, 916, 937, 947, 970, 990]
[774.0, 857.0, 859.0, 889.5, 924.0, 947.0, 947.0, 970.0]
[246, 160, 113, 112, 101, 113, 87, 98, 86]
当前第1轮，求充电站0的最优价格下，跳跃点与optimal_p与Qj分别是：
[10, 48, 77, 81, 125, 218, 225, 300, 306, 337, 348, 375]
[48.0, 77.0, 77.0, 81.0, 125.0, 218.0, 225.0, 300.0, 306.0, 337.0]
[116, 93, 90, 110, 112, 89, 56, 56, 56, 56, 63]
当前第1轮，求充电站1的最优价格下，跳跃点与optimal_p与Qj分别是：
[10, 96, 151, 155, 158, 197, 208, 282, 307, 327, 433, 463, 495, 516, 571, 618, 659, 714]
[10.0, 96.0, 151.0, 158.0, 158.0, 197.0, 208.0, 282.0, 307.0, 327.0, 433.0, 463.0, 495.0, 516.0, 571.0, 618.0]
[308, 166, 110, 77, 207, 220, 212, 223, 190, 165, 145, 43, 35, 3, 41, 15, 1]
当前第1轮，求充电站2的最优价格下，跳跃点与optimal_p与Qj分别是：
[10, 30, 51, 130, 143, 173, 174, 181, 197, 215, 219, 242, 243, 245, 278, 341, 413, 425, 503, 527]
[30.0, 51.0, 82.457, 143.0, 171.514, 174.0, 174.0, 181.0, 197.0, 215.0, 219.0, 242.0, 243.0, 245.0, 278.0, 341.0, 413.0, 425.0]
[375, 153, 146, 124, 69, 46, 42, 45, 44, 38, 38, 34, 71, 71, 30, 21, 15, 20, 32]
当前第1轮，求充电站0的最优价格下，跳跃点与optimal_p与Qj分别是：
[10, 42, 43, 54, 88, 145, 168, 191]
[42.0, 43.0, 43.0, 54.0, 88.0, 145.0]
[107, 87, 104, 96, 59, 35, 5]
当前第1轮，求充电站1的最优价格下，跳跃点与optimal_p与Qj分别是：
[10, 16, 26, 49, 50, 95, 224, 243, 252, 307, 310, 326, 388, 390, 414, 474, 547]
[16.0, 26.0, 49.0, 50.0, 82.25, 95.0, 224.0, 243.0, 252.0, 307.0, 310.0, 326.0, 388.0, 390.0, 414.0]
[109, 133, 132, 140, 142, 132, 128, 80, 74, 73, 61, 66, 66, 47, 47, 45]
当前第1轮，求充电站2的最优价格下，跳跃点与optimal_p与Qj分别是：
[10, 16, 57, 105, 106, 147, 151, 169, 174, 175, 248, 279, 305, 330]
[16.0, 57.0, 57.0, 105.0, 106.0, 147.0, 151.0, 169.0, 174.0, 175.0, 248.0, 279.0]
[277, 147, 140, 145, 114, 104, 79, 140, 71, 130, 129, 56, 66]
当前第1轮，求充电站3的最优价格下，跳跃点与optimal_p与Qj分别是：
[10, 60, 67, 84, 121, 173, 247, 286, 305, 315, 368, 400, 410, 647, 756]
[60.0, 67.0, 84.0, 107.143, 121.0, 173.0, 247.0, 286.0, 305.0, 315.0, 368.0, 400.0, 410.0]
[358, 211, 207, 195, 176, 180, 144, 107, 130, 108, 98, 54, 37, 32]
当前第1轮，求充电站4的最优价格下，跳跃点与optimal_p与Qj分别是：
[10, 27, 31, 39, 48, 62, 70, 103, 152, 196, 206, 207, 251, 259, 269, 274, 313, 330, 333, 415]
[27.0, 31.0, 39.0, 48.0, 48.0, 62.0, 70.0, 144.667, 152.0, 196.0, 206.0, 207.0, 251.0, 259.0, 269.0, 274.0, 313.0, 330.0]
[313, 153, 150, 137, 127, 131, 137, 131, 116, 112, 79, 97, 96, 43, 35, 36, 33, 7, 2]
当前第1轮，求充电站5的最优价格下，跳跃点与optimal_p与Qj分别是：
[10, 15, 46, 104, 130, 135, 136, 164, 191, 248, 294, 333, 425, 449, 488, 531, 553, 570, 671, 686, 747, 854]
[10.879, 46.0, 46.0, 104.0, 130.0, 135.0, 136.0, 191.0, 191.0, 248.0, 294.0, 333.0, 425.0, 449.0, 488.0, 531.0, 553.0, 570.0, 671.0, 686.0]
[299, 213, 208, 208, 165, 148, 262, 292, 298, 237, 158, 126, 85, 39, 36, 15, 10, 10, 9, 3, 3]
当前第1轮，求充电站0的最优价格下，跳跃点与optimal_p与Qj分别是：
[10, 84, 88, 119, 133, 137]
[64.571, 84.0, 88.0, 119.0, 133.0]
[87, 47, 33, 30, 10, 2]
当前第1轮，求充电站1的最优价格下，跳跃点与optimal_p与Qj分别是：
[10, 91, 96, 127, 141, 144]
[68.429, 91.0, 96.0, 127.0, 141.0]
[93, 49, 34, 30, 10, 2]
当前第1轮，求充电站2的最优价格下，跳跃点与optimal_p与Qj分别是：
[10, 100, 104, 135, 149, 153]
[72.571, 100.0, 104.0, 135.0, 149.0]
[99, 53, 33, 30, 10, 2]
当前第1轮，求充电站3的最优价格下，跳跃点与optimal_p与Qj分别是：
[10, 109, 113, 144, 158, 161]
[77.0, 109.0, 113.0, 144.0, 158.0]
[105, 56, 33, 30, 10, 2]
当前第1轮，求充电站4的最优价格下，跳跃点与optimal_p与Qj分别是：
[10, 118, 122, 153, 168, 171]
[81.786, 118.0, 122.0, 153.0, 168.0]
[113, 59, 34, 30, 10, 1]
当前第1轮，求充电站5的最优价格下，跳跃点与optimal_p与Qj分别是：
[10, 128, 133, 163, 178, 181]
[86.857, 128.0, 133.0, 163.0, 178.0]
[119, 64, 34, 30, 10, 1]
当前第1轮，求充电站0的最优价格下，跳跃点与optimal_p与Qj分别是：
[10, 96]
[47.857]
[60, 35]
当前第1轮，求充电站1的最优价格下，跳跃点与optimal_p与Qj分别是：
[10, 101]
[50.5]
[65, 35]
当前第1轮，求充电站2的最优价格下，跳跃点与optimal_p与Qj分别是：
[10, 107]
[53.357]
[70, 40]
当前第1轮，求充电站3的最优价格下，跳跃点与optimal_p与Qj分别是：
[10, 113]
[56.429]
[75, 40]
当前第1轮，求充电站4的最优价格下，跳跃点与optimal_p与Qj分别是：
[10, 119]
[59.714]
[80, 45]
当前第1轮，求充电站5的最优价格下，跳跃点与optimal_p与Qj分别是：
[10, 126]
[63.214]
[85, 45]
当前第1轮，求充电站6的最优价格下，跳跃点与optimal_p与Qj分别是：
[10, 134]
[67.0]
[90, 50]
当前第1轮，求充电站7的最优价格下，跳跃点与optimal_p与Qj分别是：
[10, 142]
[71.071]
[95, 50]
当前第2轮，求充电站0的最优价格下，跳跃点与optimal_p与Qj分别是：
[47, 146]
[72.786]
[70, 55]
当前第2轮，求充电站1的最优价格下，跳跃点与optimal_p与Qj分别是：
[50, 149]
[74.357]
[70, 55]
当前第2轮，求充电站2的最优价格下，跳跃点与optimal_p与Qj分别是：
[53, 152]
[75.857]
[70, 55]
当前第2轮，求充电站3的最优价格下，跳跃点与optimal_p与Qj分别是：
[56, 154]
[77.214]
[70, 55]
当前第2轮，求充电站4的最优价格下，跳跃点与optimal_p与Qj分别是：
[59, 157]
[78.5]
[70, 55]
当前第2轮，求充电站5的最优价格下，跳跃点与optimal_p与Qj分别是：
[63, 159]
[79.571]
[70, 60]
当前第2轮，求充电站6的最优价格下，跳跃点与optimal_p与Qj分别是：
[67, 161]
[80.429]
[70, 60]
当前第2轮，求充电站7的最优价格下，跳跃点与optimal_p与Qj分别是：
[71, 162]
[81.071]
[65, 60]
当前第3轮，求充电站0的最优价格下，跳跃点与optimal_p与Qj分别是：
[72, 163]
[81.714]
[65, 60]
当前第3轮，求充电站1的最优价格下，跳跃点与optimal_p与Qj分别是：
[74, 164]
[82.214]
[65, 60]
当前第3轮，求充电站2的最优价格下，跳跃点与optimal_p与Qj分别是：
[75, 165]
[82.714]
[65, 60]
当前第3轮，求充电站3的最优价格下，跳跃点与optimal_p与Qj分别是：
[77, 166]
[83.071]
[65, 60]
当前第3轮，求充电站4的最优价格下，跳跃点与optimal_p与Qj分别是：
[78, 167]
[83.429]
[65, 60]
当前第3轮，求充电站5的最优价格下，跳跃点与optimal_p与Qj分别是：
[79, 167]
[83.714]
[65, 60]
当前第3轮，求充电站6的最优价格下，跳跃点与optimal_p与Qj分别是：
[80, 168]
[83.929]
[65, 60]
当前第3轮，求充电站7的最优价格下，跳跃点与optimal_p与Qj分别是：
[81, 168]
[84.071]
[65, 60]
当前第4轮，求充电站0的最优价格下，跳跃点与optimal_p与Qj分别是：
[81, 169]
[84.286]
[65, 60]
当前第4轮，求充电站1的最优价格下，跳跃点与optimal_p与Qj分别是：
[82, 169]
[84.429]
[65, 60]
当前第4轮，求充电站2的最优价格下，跳跃点与optimal_p与Qj分别是：
[82, 169]
[84.571]
[65, 60]
当前第4轮，求充电站3的最优价格下，跳跃点与optimal_p与Qj分别是：
[83, 169]
[84.643]
[65, 60]
当前第4轮，求充电站4的最优价格下，跳跃点与optimal_p与Qj分别是：
[83, 169]
[84.714]
[65, 60]
当前第4轮，求充电站5的最优价格下，跳跃点与optimal_p与Qj分别是：
[83, 170]
[84.786]
[65, 60]
当前第4轮，求充电站6的最优价格下，跳跃点与optimal_p与Qj分别是：
[83, 170]
[84.857]
[65, 60]
当前第4轮，求充电站7的最优价格下，跳跃点与optimal_p与Qj分别是：
[84, 170]
[84.857]
[60, 60]
当前第5轮，求充电站0的最优价格下，跳跃点与optimal_p与Qj分别是：
[84, 170]
[84.857]
[60, 60]
当前第5轮，求充电站1的最优价格下，跳跃点与optimal_p与Qj分别是：
[84, 170]
[84.857]
[60, 60]
当前第5轮，求充电站2的最优价格下，跳跃点与optimal_p与Qj分别是：
[84, 170]
[84.857]
[60, 60]
当前第5轮，求充电站3的最优价格下，跳跃点与optimal_p与Qj分别是：
[84, 170]
[84.857]
[60, 60]
当前第5轮，求充电站4的最优价格下，跳跃点与optimal_p与Qj分别是：
[84, 170]
[84.857]
[60, 60]
当前第5轮，求充电站5的最优价格下，跳跃点与optimal_p与Qj分别是：
[84, 170]
[84.857]
[60, 60]
当前第5轮，求充电站6的最优价格下，跳跃点与optimal_p与Qj分别是：
[84, 170]
[84.857]
[60, 60]
当前第5轮，求充电站7的最优价格下，跳跃点与optimal_p与Qj分别是：
[84, 170]
[84.857]
[60, 60]
